256
81
17
21
88
15
0
17
73
59
21
67
82
19
62
3
32
64
72
88
65
29
53
16
55
28
11
52
88
97
82
90
40
11
24
1
41
74
37
98
5
18
40
44
99
44
82
72
25
22
64
88
52
71
67
68
53
91
52
56
12
82
32
72
30
87
66
81
9
91
17
74
14
5
27
13
21
34
51
2
35
63
9
1
77
99
19
27
74
23
1
30
8
64
8
24
51
96
62
92
90
51
9
82
97
17
42
37
40
72
68
26
37
17
58
80
51
1
70
90
97
76
20
67
77
93
50
25
66
21
15
93
54
43
55
75
15
0
59
73
98
42
60
10
43
88
61
27
96
57
17
89
39
44
56
30
94
52
93
88
46
87
8
3
90
2
61
65
94
3
12
75
39
42
16
88
35
17
37
5
10
84
28
20
48
66
87
64
38
15
50
59
88
45
82
23
15
6
49
81
37
60
1
49
69
58
28
18
17
97
15
48
9
38
35
8
35
56
32
42
40
17
89
92
64
28
15
31
50
66
52
64
6
30
67
56
3
88
44
82
39
80
87
0
91
8
76
25
18
76
86
36
15
93
19
57
93
