512
65
21
35
97
51
26
41
27
35
52
9
24
72
79
82
13
95
34
22
96
26
81
43
31
73
44
31
54
68
97
71
38
24
6
7
85
55
55
44
14
87
92
59
19
70
39
37
6
59
31
93
56
91
19
81
48
3
97
65
17
4
94
56
58
39
38
65
94
96
7
20
93
31
43
22
13
55
81
95
27
19
78
59
42
64
38
51
78
49
25
59
53
37
80
88
33
33
72
29
39
41
35
72
26
37
49
52
29
58
25
25
58
29
81
46
81
11
73
94
93
62
27
13
41
97
32
71
23
9
49
77
14
49
39
61
8
44
56
97
44
58
71
51
75
91
97
17
71
75
54
62
73
25
62
69
91
27
67
96
92
16
17
57
58
57
22
59
82
38
27
30
34
17
14
40
87
54
35
88
50
16
10
25
88
68
58
32
0
61
72
85
27
28
77
69
68
28
4
23
16
26
31
98
32
51
40
80
24
65
47
39
29
15
0
6
12
11
51
24
55
59
95
2
48
72
48
84
89
1
33
17
47
12
61
31
26
15
48
17
93
21
45
37
14
93
31
46
23
61
78
29
85
28
54
16
85
42
4
69
81
89
85
44
82
17
52
8
96
16
67
70
80
36
8
72
8
53
41
96
58
60
22
41
31
47
57
30
73
23
5
43
69
34
43
11
39
37
72
56
84
21
62
70
37
22
98
39
20
78
97
48
48
57
89
62
55
73
24
20
70
74
89
84
26
46
64
4
9
99
36
68
61
35
35
40
16
24
56
69
3
91
22
30
69
28
14
85
81
62
70
36
21
34
19
6
73
48
86
20
66
15
91
90
95
21
10
3
17
42
7
95
33
63
36
48
97
30
43
88
32
89
38
87
71
69
84
33
78
97
62
77
20
79
56
29
54
4
84
66
71
40
5
17
1
39
67
68
91
30
94
84
41
71
80
31
88
23
63
8
95
31
15
53
52
61
11
50
93
92
54
93
84
90
64
1
18
44
37
67
97
94
59
70
15
63
91
48
11
63
72
9
54
82
11
16
40
41
66
64
50
43
11
9
15
47
23
35
2
12
23
91
55
44
49
1
32
56
24
1
1
34
82
16
2
34
60
46
84
16
84
35
93
0
58
17
52
19
78
56
29
0
70
15
91
34
42
38
90
32
96
3
4
